61514
32733
55322
23051
35539
24726
49051
31041
40696
31011
63690
79655
39676
73598
67307
54225
67347
50755
62504
75672
32135
23916
43813
46646
59391
72614
24349
56757
49545
27547
31750
64024
49387
18731
43499
37464
41454
64102
87049
55936
50401
55878
82146
80134
88642
48324
70916
25962
26156
36798
45404
74151
58192
64969
87762
38955
72985
71149
82476
67921
47748
45054
41838
79323
40431
35093
25510
47733
35203
35808
73782
69807
48526
47985
49631
35449
86336
57708
78062
81554
57542
60550
35918
37199
88436
40281
52282
18337
59034
24041
65676
26808
31117
48873
44489
62733
63340
7575
31853
66715
27851
43657
61557
44158
30123
41497
38908
62802
49726
44446
23112
14213
10387
25223
73160
38632
60048
17971
53476
85745
45610
28776
43903
77284
79558
30373
27840
44898
40419
82185
46831
30936
27340
35781
46917
85446
72438
56287
18281
67685
64441
52123
29193
25072
83267
36487
24946
37580
68639
34019
81996
35250
80510
19921
47116
33987
74973
27448
23202
19443
27780
31977
32002
53021
57510
33358
11142
86903
35410
66811
69841
47346
43113
24813
37757
24459
21801
50335
88794
29637
76172
70210
46637
32878
64422
30210
80415
60587
39096
51418
34839
63552
59043
34787
29433
62370
27010
70092
67533
29269
45216
49607
78604
80684
39821
15555
62044
73395
57309
37051
52522
45142
50409
77317
20376
69668
72139
87341
84788
48367
38641
48505
69455
10094
43663
79844
54694
44921
44425
68284
46187
45929
85393
18871
85251
31284
27146
38543
83569
33454
69280
71553
28902
50940
68904
57402
32862
9848
67056
48121
65595
17608
52889
53463
27705
56478
33372
41821
22022
6690
21467
85941
57592
87681
81437
41733
24412
67338
25729
29209
32235
80420
47375
86831
86958
50404
41178
46285
84438
29373
13778
31423
51648
34727
59193
88117
55941
86301
42902
30407
12350
37255
49583
28582
39394
58095
4112
21814
52147
31966
27850
41859
33823
13497
42052
43353
9345
43148
37596
59986
22045
37956
87574
73538
63590
26306
89489
29614
33832
61193
52735
85543
80849
29565
49440
30342
8498
43352
79630
10366
19038
41306
35520
34258
58004
52471
22643
30243
26564
66343
43011
67018
22431
52723
33211
59985
29194
66097
34745
28356
23504
50740
47129
57701
85154
87749
57221
66960
79739
18164
31487
43005
83389
40706
45914
50958
87694
86668
41936
5079
27486
34531
38442
45726
83305
23547
34562
57779
83169
15351
78316
64948
28276
42232
52733
36650
68793
34857
62440
428
28492
29691
38560
24502
43480
8279
54102
41758
22158
41348
83791
38107
18256
64198
31271
36299
41649
38848
60410
68244
38160
47290
9863
3525
75825
87445
64136
56520
71630
54091
15890
18583
59325
38410
9979
38653
7968
32560
43155
71479
20984
56735
30947
20566
89286
57488
73441
1198
33506
11363
45464
4281
52766
43085
13882
4954
43459
30328
10243
58819
35909
58625
12342
15803
54082
17033
79782
33276
45136
16599
77429
17314
75006
20421
34495
36443
44176
41199
12920
24909
56178
84514
45510
37066
41305
31359
9151
46738
17964
24191
84694
51788
9747
50263
40315
77324
72222
39496
21837
70414
27896
55381
87100
16637
17389
30370
25535
79424
38542
87884
45062
44251
88423
41331
23793
29520
37224
33389
48632
32185
43835
19951
31168
37370
27536
48368
53615
19278
19404
38885
1607
1898
40727
59499
9441
241
83295
42457
27342
43343
62482
50552
4154
71531
31025
73785
71591
39157
46474
19340
13361
43711
83205
71963
34571
38822
42786
41175
55238
23687
4266
45757
31141
49469
45326
46533
10208
64095
31050
7181
85950
22892
57081
41050
369
25238
47515
57173
79612
60577
48011
56572
27537
89252
73015
29497
28077
80955
35228
55960
78412
34376
28928
27944
27065
44536
35344
47164
18624
24932
50158
22195
48290
13465
37857
3056
19822
33804
13773
17771
24645
27960
84896
77469
38558
71466
27206
22081
17291
28146
3153
73139
39113
73582
28487
44515
70194
4790
86885
24309
25131
41737
23826
69385
82248
68625
30614
13982
81918
38029
55504
27410
30886
70598
50232
6953
12315
29772
35084
88848
67218
48224
38364
53845
27079
60920
31457
43802
28864
46619
2444
13262
24063
75119
52872
37301
35197
5909
75266
32484
17303
67942
24774
21448
85281
31578
51491
44556
23247
37693
50197
31439
69957
26380
31964
35015
23083
65419
31278
67554
14806
26690
2422
39559
65306
80303
41899
38836
49770
12012
34952
44090
40014
33834
12030
33564
67801
17644
30152
66544
76953
19783
8744
61480
31115
37348
38259
40453
28630
39202
80875
23446
83704
18748
38995
39683
15988
17994
42520
42084
42335
38751
59011
34316
76822
80171
67612
80109
14084
21850
28615
72552
73842
17554
49630
30414
87578
47459
62752
81858
10045
51748
34071
1845
31448
76679
43444
39383
49319
43493
74044
26231
26208
22311
89436
52858
31326
26667
7910
50554
30399
19415
2300
48105
86138
26053
53251
34851
32893
40169
26093
44368
39927
36676
44639
41138
42753
28960
33668
71314
78305
84079
35048
19831
42875
22680
30031
87156
62967
76266
81952
27839
6330
585
23721
73841
48133
63322
47047
86568
51304
82939
62450
18344
25731
51633
16623
3501
17653
86114
44565
42265
11280
11574
45753
33437
46868
19954
42948
52298
41896
8606
40662
62914
47058
4971
44065
83409
21884
19186
79639
13806
40141
34431
10523
42501
43320
25307
36451
39893
53333
37211
82067
27278
40103
5473
35837
34564
48598
31796
21989
5884
26140
14347
85304
32943
54367
59591
39564
78541
22791
32445
72197
14015
29231
64742
65496
24866
54356
20361
17880
1815
1180
22437
21255
36332
67336
49138
13122
45112
23140
2121
32553
21478
66023
3954
50318
22849
27632
13943
49269
84569
25749
24609
44102
31755
33331
38835
2084
19011
21812
32830
41830
3478
40654
34050
31615
26985
20650
32295
24476
19155
23495
29438
30272
11746
71651
54867
12727
3435
61453
10591
21358
30585
32206
33392
27158
68694
51392
41819
25512
63585
22462
53561
48191
62956
30400
26758
66273
70233
70963
62639
59024
61665
40543
89043
45886
85474
40931
85931
34948
70379
88231
39825
65148
23904
35786
46418
48369
41135
59856
26637
79215
37897
77930
7938
14299
29770
61991
29457
39936
43621
69480
65562
24768
21138
12428
36567
45783
62203
19068
28476
374
30213
43479
49730
65654
44310
36957
42982
68574
70213
82630
83335
10687
81895
46880
37269
29324
29611
16237
30364
37504
23221
14865
26838
3112
58041
23096
26041
5687
42439
46598
66876
11934
31086
85821
72444
857
21229
5047
54400
1271
61669
14799
10131
43232
47901
73314
23641
33486
88092
32686
22444
49821
41873
74426
26593
28975
76757
28393
39703
56750
83756
39977
59780
7335
19288
13586
504
57766
32657
17272
21346
4951
61950
16719
3703
23752
3286
10655
62267
62885
85163
86486
45186
25982
59777
13008
41573
52420
57196
80677
32972
17422
46382
38147
7505
71992
39872
52755
86454
84030
41204
36090
24721
3451
3238
15596
40911
46290
53946
36730
35905
45400
45570
46805
40306
80391
29300
80687
2279
19543
23448
13236
16762
33245
80173
5886
38008
49559
37831
31199
59452
45707
48168
72750
39802
52502
40672
61040
33240
59241
58845
9420
8319
42164
29105
60209
69520
80059
75282
73987
30899
4381
47892
34648
37067
9520
72467
5271
19935
68532
31800
23996
23481
29972
1015
59177
66453
54060
39951
79822
49843
11021
42254
39150
30928
14817
77744
6396
41468
6175
87244
30053
52566
29018
14059
39796
74422
37856
33809
32705
35069
47828
37526
2533
58109
33719
22384
55074
2253
38978
38609
58978
60694
9654
1628
20438
23534
2752
19862
25211
59547
49226
30316
2069
19428
67531
27462
40366
89373
58850
49601
44782
2847
2523
48100
64365
42174
63083
12930
1104
51524
6651
47792
23015
30857
40618
9426
31942
37543
11905
26711
28659
33077
47876
84542
40085
42751
18105
3425
77897
8162
31076
54299
49862
6865
35908
47035
34013
4934
60399
78551
25423
40555
87259
814
19366
59020
50172
44260
11323
89192
3539
36054
18129
59762
65648
78229
7127
26833
49342
17789
73885
80837
43827
45208
19871
75621
26183
22430
79398
31270
39098
13329
38723
43759
69443
9157
25284
20069
33206
26561
14824
85079
40799
85735
65623
28939
2948
12963
12721
56910
74271
36270
47677
43543
37946
55249
2428
79055
87469
6840
64311
28829
19768
85872
79346
44776
36341
15440
62990
74100
6406
59151
79614
8712
23212
18417
85617
21650
40578
45454
11195
57498
18805
50017
16483
37155
33154
30376
6622
34037
62171
49349
1174
8537
83381
29533
33992
42001
73177
21596
21920
62778
11885
16330
45448
47735
38722
33490
30567
44625
62944
42695
15459
11014
2923
43761
11099
20005
16517
30405
63353
37270
61830
83900
9733
36793
67105
39103
22873
29941
23360
20606
80352
38973
21734
65855
4667
82120
34951
16505
24977
12931
26104
23986
31035
39680
2188
27964
32838
41566
38203
907
37462
17693
13996
12695
37555
30959
25920
36517
37906
44406
70529
56328
364
13861
44859
63910
76516
63200
64132
65569
18551
35695
46803
86820
76567
65110
33194
70208
30490
42858
10302
57319
761
45591
12394
26019
53893
83427
13165
19458
19577
69001
44203
36723
39899
20091
14335
45291
84157
47958
19928
60378
10364
4324
12122
84496
8587
52684
18182
21536
12927
30296
32203
82884
19452
17026
57172
51658
49374
33106
27792
39140
23823
5010
74359
44938
40202
61570
38219
42288
45847
50730
26631
47107
25032
66288
31223
11096
36542
25813
7452
78819
74328
52810
81534
23492
27716
5750
43214
53955
36584
69491
33763
35425
38797
69893
55154
42968
2291
83279
40048
46194
56867
12534
37410
74011
86589
63640
17942
8750
22186
41742
44546
33451
54412
15318
40697
87105
83218
27823
12875
40959
76807
10762
17874
45260
18764
7815
53374
8300
47031
29283
49755
12341
24374
30492
7766
34251
34540
27958
31020
12021
63570
7580
423
75356
1286
24933
85801
81417
2007
88039
37671
85912
21028
50990
66448
39104
43694
22441
64267
14745
51150
43951
41880
22758
45819
27891
20935
35222
13451
40360
25623
28183
4891
28004
25478
80315
82776
22341
50492
88725
10126
27021
11460
1457
32419
21397
48175
41580
65295
44693
23005
24288
41515
42694
38873
38459
82945
28869
25565
34816
76013
38845
27573
23513
47874
40897
88858
17343
13303
16024
25824
46941
83307
52334
29664
69477
49567
28762
89329
39592
62695
47992
41016
66140
60428
64197
20581
38440
56852
19995
47881
9938
41258
36323
38705
34443
34244
76927
46788
44168
22375
84126
29055
21044
33343
30986
70615
16305
34652
49033
22830
33009
56000
33629
37581
6822
25445
5246
89467
29123
24451
37606
81280
41404
30408
26644
37369
44441
28363
10861
63565
37520
36038
84975
32885
54775
47449
69867
45240
44602
87858
70676
73115
76174
37781
44220
20964
65635
39542
66179
345
44578
48623
40541
22845
82617
39910
25242
21027
29089
44392
24647
23963
63245
35689
7576
2290
37762
55640
10173
40551
35600
45810
43979
30531
70010
39620
30501
11430
50719
76406
35746
31598
49873
34319
32524
65373
36005
43776
29550
39628
31356
86947
18911
47168
47514
14594
12753
13540
84088
35592
40485
19190
14767
37188
84026
58564
45425
22222
71734
31131
82267
76549
18467
24325
47263
41443
48225
27405
25464
33770
48274
26066
24037
21190
76299
68316
24773
13392
74956
12685
26239
2920
2710
49233
72351
50561
77008
12622
33369
9928
47187
80938
47808
66467
45409
11891
16018
39082
23827
37736
67502
32608
46398
31151
29062
67790
81742
13341
39486
83687
32094
15520
41062
43385
86122
49192
28523
31572
35564
36710
23018
29645
18948
84671
49889
16332
24597
28494
66479
59754
18935
55321
49481
40614
34536
58469
44592
23919
19090
61574
20639
21349
43184
68968
71856
55153
55317
48957
40072
40542
2076
34623
31360
5222
24387
53239
86287
898
15259
18628
30748
17639
23473
37007
36681
34969
23910
40510
34639
9993
33300
26841
14607
86984
17137
63414
26547
34796
31421
70675
61817
34955
68507
45053
47631
48427
77631
623
37044
3183
32629
24029
51453
5726
49204
73944
49185
22731
42745
2257
85574
67505
6218
3672
17477
30999
47873
25991
38159
24834
69790
47724
39527
19582
60149
25071
59040
59979
34526
48693
58190
31817
14460
32119
47231
36672
44815
24616
48185
45766
32464
42025
27511
24731
26680
31094
83102
65620
29359
34544
72936
13079
21626
31468
72374
55835
79791
5781
32366
44510
63559
33222
38651
28730
53948
28833
64482
47906
28340
76570
48188
87599
37057
21803
41182
32359
29869
3381
14275
86604
74342
36620
16065
85245
33586
32165
10360
14076
75253
63584
60392
10323
37654
9514
33768
74839
15659
23674
36364
85692
65909
31695
41297
28213
44991
30484
18278
78818
5988
49777
27572
1957
33481
61082
33089
67782
88484
74257
11721
18629
68028
7500
20930
3970
26106
28603
35710
53038
17664
82682
5335
45034
83854
17080
84582
28463
18331
2564
48671
55667
20294
7263
11385
36660
39958
38991
14907
38659
80593
30792
30917
27126
84707
72143
21993
2468
46294
32498
22041
55541
61720
71330
44699
82971
22826
33180
52926
4348
14413
7671
77030
4710
39289
21826
3039
1894
72132
13561
7663
25161
24568
44386
35278
40342
60144
48775
44317
16802
21366
86200
35287
24874
77876
40726
23319
75787
57980
4223
26576
31203
55825
16128
74944
24601
12803
22605
32819
24357
9159
21320
23433
11995
78370
41039
24934
40151
11158
45332
32780
40756
11367
85485
48519
33695
12079
29101
17424
26926
15185
26283
88254
87708
32158
16471
21039
35295
85398
43887
47728
11396
29593
59475
27444
61714
30518
66937
37247
34205
69955
13720
26965
29753
3890
76840
46057
42663
69030
40069
35397
41554
48834
43082
62465
4621
62997
72025
15731
42426
60447
34034
9169
25101
61751
57777
25370
1708
36829
6278
13597
85172
61307
18672
27965
34667
19594
49303
12024
37156
21899
43780
50544
69823
21380
74010
17234
79938
41424
24686
41328
32037
46250
36370
47259
2095
34028
41688
47635
9080
22953
14520
49636
26214
79766
18159
34471
84434
49149
44596
9597
31824
40898
51613
25508
82057
1290
47501
9005
21335
43696
35814
20516
59644
27162
4756
37474
27616
20845
32150
3940
86356
37261
23431
17986
23540
32224
30966
88763
44264
69253
23696
73419
23595
76095
40386
40899
56398
42228
32400
17409
70732
18557
81777
38033
19162
56633
3629
32627
85512
42799
42006
88674
28555
41983
27986
15380
71223
50642
85999
26253
48376
40180
43301
74992
48101
61659
33119
50476
54387
47550
38441
30781
37759
24050
32921
31008
53540
62870
36420
58355
26060
44584
9721
69307
9861
30196
18827
8225
69424
53393
29807
2695
35787
61620
85516
34665
45211
20367
23136
35947
16760
12251
9802
79554
53273
80137
49126
12716
42201
24942
85295
1360
29585
25604
40308
37386
22626
19645
9618
28135
30302
51913
31784
36588
34901
38903
19346
5208
10345
21036
60884
34672
16228
33625
5846
54674
67770
34073
7000
2613
69091
55822
42464
76990
19661
36121
88478
45252
75151
26550
29476
48574
8557
57300
29603
3693
46426
42713
74947
14242
17035
64169
58210
43941
31619
63946
9380
14004
11894
38357
28624
16335
19386
8077
84111
82913
2363
60159
18500
28069
972
51285
44895
31627
6863
47216
46180
13049
32937
53997
31999
8575
25832
21232
31289
65935
35426
35108
22137
21843
11178
11824
88421
37334
33161
26439
29271
40019
4389
46249
20132
37642
3285
47381
69035
35528
45876
2148
22428
86048
41416
39208
35474
14752
46049
8630
80540
38210
25735
38682
49864
3457
45129
76049
31884
41413
35441
37706
735
38914
3683
9722
11941
2741
46257
19955
329
20847
50356
7944
27736
29058
56550
68309
31812
24928
48953
43022
45190
30659
43285
69294
28782
6783
30267
33924
2236
20170
38719
20906
23993
76080
40966
21180
69683
46739
3565
39296
38756
35687
35072
12397
29428
32783
69313
23718
48771
81646
63713
28930
49857
50901
57752
46945
26169
28204
54791
63108
26201
36561
69861
60511
26927
20156
33830
78022
78205
72288
21444
51908
26487
37775
25952
74058
78375
28012
28628
79339
38252
48913
13220
41059
20140
2997
30630
27249
76897
8110
54760
39831
10303
42942
31993
8891
40304
26885
34638
77567
48561
41446
82467
25754
22319
56272
41487
5466
10328
29991
40375
37176
44712
24983
38129
14504
26776
10910
11579
18766
26955
56263
80454
26483
33636
63089
59299
25746
61075
43252
63867
13280
16622
43968
46234
45760
48557
60325
55202
14463
28027
88311
30014
41703
33940
26536
77460
14406
21159
22797
87755
72901
79676
39010
19481
16934
36187
38771
45856
71671
36871
39795
11346
35359
14592
32530
27881
38934
89012
18181
36686
23095
40798
7814
38298
21409
21035
75630
32339
18119
15304
5680
88190
35400
85108
32372
14156
73454
48517
8700
45188
7620
36851
22919
40119
79979
36695
14495
47288
49365
32813
32279
60470
26764
38165
16814
43864
3851
23747
17947
78
63597
38135
35114
32875
10254
45117
21396
45004
17948
19552
19739
32973
10013
49467
37991
4401
38823
41870
22661
43488
26335
10794
30734
23998
57481
24706
47967
9088
20373
27399
60802
78887
36743
48950
8786
76234
40862
23268
20405
32760
73584
15400
20466
15604
57012
48085
8483
6736
23445
53133
45601
61718
1597
26760
37957
28122
19189
61727
17022
37527
37876
78014
48799
14355
11358
82707
30488
28665
956
42308
60312
31412
14565
43279
34432
84255
3380
85378
32839
39244
19401
33087
36014
14972
18203
25858
49792
73097
33471
30719
33553
23078
34368
68439
42533
82151
49295
57413
34538
80488
18188
82815
954
34711
10688
38144
37922
41632
26687
82321
23428
18116
20669
19294
5467
3943
47181
37872
34691
9708
75685
72300
87308
12777
43335
27463
40399
34713
76079
52032
15623
23245
48521
39615
42317
23250
31101
43199
53325
12338
29932
19688
28607
21767
9108
19756
79349
72298
25621
4125
5595
28367
80018
78803
58222
36800
19025
21031
27580
4153
15579
53907
77797
30368
42268
32534
21864
60220
44572
63370
27713
23494
74743
26226
6681
88150
29407
12637
64974
19753
55305
83893
26722
13620
84875
692
82976
66129
77330
30666
47623
25686
35393
42749
37345
15780
76482
27973
34272
44274
34189
22882
24500
65829
31106
18964
88755
82018
32544
28074
83131
59574
10210
14677
408
32660
22084
49193
10658
21533
30712
18615
31491
88775
49228
65584
41369
13064
33986
19223
14259
4512
36533
58290
26114
14021
18425
54471
33262
24524
32624
6586
41813
3494
61534
2688
74711
14064
6505
66750
47777
17576
42795
48005
36436
29982
17716
40704
88348
35471
26734
5573
25836
24433
13580
69310
42216
40755
30801
38479
31375
16990
30409
78671
30410
9153
27281
43327
22457
23756
86187
61864
73633
80383
28503
1858
16648
36812
78252
59365
38556
74231
85984
54829
25688
55467
33267
20816
37575
70444
49455
43144
3997
44976
30967
29872
66748
84495
7595
18573
20559
35065
24970
6569
22918
1528
28892
24456
64254
42901
77722
14507
87722
36267
8251
54909
15534
69693
2690
20488
21563
43491
49378
22547
37403
39298
16878
869
34351
28571
599
33619
25927
71271
11207
22481
66767
71562
47959
769
38620
37800
7838
36733
29749
12779
22514
8014
20565
32802
41365
57445
61969
37572
50489
78662
26255
62084
19358
52790
41665
27241
19742
77145
20858
43546
63563
8306
34556
2459
50007
29874
40976
33308
14317
18712
78072
9491
16826
42546
19200
55364
18362
19341
16965
22105
13261
88997
14432
15719
42132
31264
66035
16404
21662
30851
1339
6659
20841
15503
26744
42973
16376
19609
41952
34913
6572
19260
4068
5085
25317
43544
35994
17792
16104
15209
6216
10613
31991
3407
80249
43914
31591
13060
47412
34134
27924
53271
268
16111
27182
68640
40199
18492
22026
3136
25752
71995
23727
14105
74854
53554
68595
35890
47867
22772
30991
48822
57610
50365
23436
30800
62663
17043
5203
18543
53441
31399
64892
58394
50331
54455
39251
53494
46873
12515
6033
33287
25975
18205
39055
49254
61121
53590
38738
31729
41567
12152
40850
35722
73203
80190
70773
88157
5252
15883
28700
47924
12560
13625
34342
20710
24759
18560
29202
6345
25830
44590
15327
62754
51057
25881
46336
48844
76581
18616
21640
12675
64454
4138
73714
41543
20424
33095
10270
31163
18971
29553
36613
40913
36777
8973
5567
31319
6585
21231
30182
8958
23114
51805
2370
13285
21652
24665
1480
20690
26371
63026
24864
43410
11238
45305
29820
80414
20982
15518
75141
39632
70134
54112
66052
13762
32638
13067
21155
52855
3915
4039
5284
25267
34976
25082
19546
33702
68006
79919
2588
13239
21432
3517
11474
56382
10572
15786
79601
45971
43004
27054
79457
34706
22567
25581
69643
36927
58653
39128
52508
75676
8274
81356
38073
3715
44499
14499
7540
27794
36689
55588
24790
3980
40021
73407
20297
36083
51733
48738
45407
30371
33066
49893
19671
45933
8169
29095
18564
29629
14694
3416
31948
53178
1017
58669
21101
75020
34126
25900
11487
62609
60600
47542
52537
16669
37488
5768
46252
29915
32104
69721
80464
9890
37151
11900
11603
6083
45278
33017
73937
73484
37391
51096
33171
46658
25063
78126
13368
4758
43458
21781
66287
6748
18857
49947
44112
34076
49590
28958
52273
11249
37744
49334
27252
7791
9711
14024
16352
31044
13071
35332
30545
42321
31717
44605
18464
42403
62227
10831
15052
8150
4357
19111
17765
17217
34078
76415
33549
19876
18459
6242
7578
46189
35004
71614
75717
46727
15968
75193
34409
12659
10698
34173
13333
37828
58525
37846
45547
48597
55460
32784
55779
12425
52160
47695
37204
38846
39146
65752
24507
9748
59760
28347
14481
5709
26440
10505
34218
34298
36406
15990
34104
66224
37734
40865
7029
41916
25926
63675
23229
47541
6115
79878
5518
20398
8725
18627
22694
49599
17349
2330
23147
33049
15709
12017
52040
42169
40229
47248
2184
28228
22511
42953
66550
29082
42922
11857
15053
53825
32404
24678
86651
45556
49178
18219
23222
16635
74877
36563
69408
76960
70025
42825
73125
35198
50666
10552
37205
88829
66502
11494
33041
36027
22358
26717
27381
21008
62155
31015
29107
33315
14652
14412
35511
37212
22619
19646
63775
60680
44970
53512
22852
60578
1955
3935
28459
23817
5376
22963
22413
35914
69416
5245
38455
40074
41032
57586
38773
32504
8732
32861
32631
5071
22788
33667
32365
31490
85020
4394
48296
57872
4402
21695
44955
85424
26336
26359
8895
16951
30741
56709
22868
56440
33534
72642
13397
35143
27190
35733
13671
21590
80645
47480
73836
35864
22198
37826
21570
21416
61965
22778
13905
56624
11295
36254
64246
77314
8006
11030
27952
46402
24937
32687
68825
12362
54817
42823
52859
36493
76333
38021
1021
25308
37363
12381
23592
40152
1645
72137
25958
19926
58588
13688
30389
9954
40994
1506
32477
24907
55169
24304
50560
11226
24250
66734
34780
36138
24936
32459
15695
56574
59807
78448
16980
13823
13807
29071
27474
36774
28667
15646
83581
70944
19809
78963
62761
31370
28784
43483
43170
20672
20709
3336
9690
2183
57945
34315
11149
33795
26464
8248
69975
7638
1553
31432
82782
39892
27961
27179
3721
36655
28445
11100
46675
24917
78563
3547
79522
49810
23865
7178
33420
47217
45893
77926
25124
38385
22922
4099
38979
32614
76322
27485
69591
20883
9082
28610
21983
5859
4441
20158
15142
2740
33247
39685
30729
45630
47773
17973
10492
17796
12794
42768
24085
440
26589
48846
25270
2642
7528
24780
28252
21869
56045
71805
28898
39508
24411
31283
16144
9685
6915
11310
56281
26202
65038
18676
72742
29979
3167
49569
47849
19659
77068
41004
22032
20775
26305
15519
27563
47024
17748
16232
42062
27821
1518
17968
40523
1452
54870
40258
11411
82128
48395
11792
4084
7519
48625
25220
33903
19468
33153
25637
66269
18080
43326
25491
36088
35696
34361
58174
53593
22863
36784
29078
77586
13384
35008
72181
61985
4706
46691
72988
28812
46280
42386
68740
85014
15892
22649
5029
11586
25209
71736
30845
29296
14476
50405
69413
79011
24281
36569
33602
21370
42578
36950
24606
38049
86751
67825
38577
85640
12146
67534
34069
3769
582
14101
47144
71555
38244
57742
79114
63117
6821
7889
11447
43308
23370
29110
24230
32674
82181
48766
30972
45366
4699
21818
17338
2804
28018
30323
67048
34105
31067
21236
24477
35324
39909
40442
37923
25485
46899
17500
21063
51049
89322
87052
32009
45298
12533
20675
28198
64322
60517
49596
82013
80405
62211
47029
8159
75729
69364
43130
39986
13046
22296
40168
37129
15348
4480
27712
22633
45980
24698
31268
16809
82727
11668
4198
42407
2872
17560
59772
21460
27044
30473
28565
27613
7093
19399
30487
27788
35352
1768
12265
43975
25624
27295
57878
73781
37770
70771
1469
28478
39841
34519
43985
36490
24518
31980
26480
82970
6495
22082
71295
23418
18052
22936
9513
42715
12306
42269
16753
73193
9234
15607
1856
43015
2191
22174
28800
16328
9043
28296
226
28530
23576
20213
27167
33840
21296
5060
44899
20693
70026
8771
47170
20560
84166
7160
12400
28106
14792
31260
17962
24258
43486
60965
26272
27242
60744
11801
46993
24744
19376
10391
57132
48025
45063
28859
35546
17415
26510
11354
29926
83274
17516
23650
62027
2728
42463
49110
45095
52340
43794
27741
42279
9237
38377
25013
18886
31257
9294
44628
18317
21589
54839
23514
29718
17831
19870
79248
7882
15030
13196
24765
30072
8947
88630
45113
60525
58037
8946
44986
82376
43050
76184
25489
81834
63745
17697
26901
42550
40016
16937
30976
21421
82957
35079
37003
4640
43127
42611
72574
30018
40208
56215
18633
65724
25380
7306
7903
57485
53442
17984
20870
68908
66864
13171
6131
47137
10263
28988
48628
28079
40778
12958
39551
56803
28267
6933
64304
46791
33390
77416
86214
36467
5223
18997
33810
77620
42253
82993
54884
26245
32787
57330
4484
31607
35702
45152
19430
1495
34085
86497
20929
16970
4168
32944
6145
27373
1186
4635
48542
19522
20454
6673
703
78804
84232
42370
39815
49400
24927
15392
45362
79168
72605
7044
38574
39070
30232
12102
27459
3171
41811
79303
6646
49842
38281
16864
40942
29421
14692
38055
62473
34583
21930
24898
15192
59053
8967
51703
49520
48721
61286
8684
25367
41466
35196
84902
47070
6660
38304
22013
58087
61479
26294
51401
74615
47632
38929
83944
29170
23216
34528
70514
44312
38592
27367
46355
30695
33313
22855
28166
40421
10921
53875
12985
49733
39919
18149
11778
16288
11472
41220
45431
28613
10963
1200
12254
15680
30842
5363
29924
62083
49242
6504
13034
5186
54665
76950
23092
24812
14828
10439
44958
22423
21802
33033
79616
7716
36428
78820
88968
27764
20616
21003
23463
21727
70695
2316
32707
29900
35308
88535
16550
1130
4529
23109
13901
24668
10841
24143
22634
40928
77558
4008
34109
10352
22230
23932
16598
32028
27055
45920
31915
51517
21437
56778
84224
28535
27647
30714
87815
18832
25600
26036
24110
76527
21788
86365
13416
44668
38382
75353
19668
20391
57194
70661
571
12022
24709
41501
64464
41147
16949
87305
80971
65615
31937
1159
32843
11650
87020
5542
47599
17867
26293
45590
36961
1053
26349
28756
10386
24890
32003
30663
29318
42485
55997
8964
20999
55502
59042
14152
20118
18486
29495
30707
70949
30135
37821
47523
2861
19221
34208
36608
36378
32671
1776
17060
76575
30270
89122
52949
75368
21177
44467
40684
28326
68499
51981
22961
49213
9746
13228
39493
13221
83326
23922
4033
48880
19615
85958
28311
19104
13525
22545
34919
26935
28772
656
20596
4086
65399
5826
12567
31802
20448
47
46199
45746
36244
84986
9494
81479
78154
48516
12661
32810
14188
18303
21562
72893
35212
24385
12609
40155
16086
12204
24547
35478
15639
18286
72493
27129
85700
16318
76285
8706
62343
2805
30227
23281
17905
47590
12493
17325
58181
44610
32841
8459
26315
3887
919
4805
33456
44365
41836
49991
34020
6478
17875
44753
2559
1279
19508
19082
23792
49686
25649
29960
80284
7872
88788
14337
28914
13569
41109
23710
9644
30286
15569
48807
35796
42613
80951
12297
29701
24973
5789
1746
9067
5577
18713
37050
76542
28156
49028
19662
33805
29841
30216
39349
20902
35913
8117
89118
14437
11292
12067
16148
567
12645
31879
83947
24782
61068
6796
26033
35960
24097
14650
44442
32490
27609
2693
67244
1066
27711
49093
2409
32195
17290
82420
61387
7023
31018
40238
8819
25086
24685
26148
24403
17024
43658
47264
22262
15103
10299
27161
50226
15119
8168
47582
78231
20354
48328
2950
46826
61732
88761
16207
28643
73412
48470
26444
32995
48895
6472
46930
41647
22783
726
41186
11527
20874
49137
31411
33733
23519
17041
11992
20103
15601
79547
29527
13727
2722
27777
3544
25316
21146
14971
38193
19521
21224
28919
8463
2357
18768
76804
33322
41988
22698
73317
18064
1762
33080
48183
43675
28120
84196
46060
34892
31017
62534
26477
17565
41469
2916
34052
32648
66535
71400
31832
16490
23154
87581
24091
19497
76425
67736
56612
28026
5760
83352
37985
87182
26102
29240
63769
12833
82389
16481
8650
39158
38436
5049
22303
22998
22029
7820
38238
19910
29040
54392
53084
46645
59478
25476
60967
31095
41810
7590
14197
40369
63266
88766
47884
46975
27229
48555
37929
26896
56673
4655
37399
46857
41140
28068
11989
32825
32057
6446
53504
157
6296
27669
10767
69803
45946
44643
27317
1245
63601
14859
38944
6926
24663
48138
35395
12683
15093
60747
55285
19073
82932
24198
16952
45695
40586
38411
22380
48850
7065
11419
6995
36955
83122
24461
88238
22767
18509
1742
48242
44407
44290
31779
5612
23698
23807
89175
15872
49222
43348
24586
85915
7956
50411
14267
8450
40878
4463
48174
47422
33948
81231
26363
44359
31314
6847
50431
32268
48034
70851
76550
84162
70184
34482
23321
41472
34434
12849
11553
41907
66265
22846
39227
24735
28981
50310
10251
12923
54457
78802
68359
5227
32043
45207
33505
26051
46160
15112
15976
42197
19211
36917
17045
11554
10155
21388
44981
4253
11473
36523
14849
39151
35484
18521
38351
18535
56114
25938
52175
9023
58775
64166
51413
4890
15071
2842
43990
29884
37805
69741
49063
34979
24264
14804
35598
12452
10796
33363
27262
31767
49756
25271
1558
38341
6684
35068
27467
42646
10150
34035
80582
54325
23639
35012
78218
11263
26447
41077
23115
34661
9740
5127
16958
36009
15685
2441
34303
22666
11199
37896
26367
36698
40147
21095
35267
89457
12797
68194
34112
63468
16993
14905
55336
44762
42882
32301
33145
22011
48319
38037
79910
22652
28792
22509
76356
75070
38623
13418
43147
58343
12148
81341
6596
27478
65417
48339
21827
28029
49023
47043
67805
38134
23151
17224
14136
36709
7873
32048
25809
44907
28364
4878
36356
55634
18752
69116
14359
37340
63285
71005
36047
40817
42801
11256
26856
6631
76911
44378
30622
24126
40872
25707
14042
13667
52665
5602
38855
28103
37743
13353
19041
1322
35571
11289
11704
767
15207
1349
22770
79556
48751
20651
12476
24102
80300
79951
9694
14318
41255
28652
22227
10619
3098
8841
5403
55503
37008
36067
71139
13253
56737
25795
4804
22404
22260
10711
44150
8394
45955
82573
41947
32052
17276
36092
32308
8440
24407
31576
12035
22611
20023
22159
17677
82757
48926
7166
26858
31099
7470
12111
30902
68580
21123
12150
13324
16869
40571
7463
31404
80396
22943
11647
72296
29573
8834
58034
30188
57210
2046
33622
25901
22678
22370
86346
1167
8010
3832
24739
37766
88747
44663
12901
17720
20739
39942
28921
45128
29512
32666
54320
9212
48466
48155
51326
82554
32256
38897
15020
16923
27628
41374
3809
70390
28654
49039
22497
42908
40443
27492
21898
45453
81375
12403
30086
27022
40524
58632
24212
35852
14019
14743
34876
29600
30639
34248
23455
13894
35549
62397
58742
56319
79074
30926
47302
75902
30776
69124
38731
58708
87992
80910
66885
24764
38728
82871
68902
49358
44087
47566
87946
63400
72692
75912
80946
32383
59950
30955
27018
84830
41163
62399
67123
45414
84795
42242
81830
62262
24695
65006
60126
75851
78835
52361
81446
60355
49602
45439
79155
82761
24742
60138
60143
74256
82829
26910
60166
72203
66887
86381
35315
43804
86387
40666
56122
50513
24736
59223
44671
49103
35582
26131
46145
89191
67042
84241
36392
18947
87800
87345
51240
89161
81619
79875
27785
84393
87726
77323
66847
89260
32795
68363
38423
27635
46154
50764
57350
59162
48116
59175
22078
33816
62619
59661
24962
34506
36732
58802
83228
59700
24915
77530
42089
56687
62537
40787
75219
66153
79294
68205
57117
49167
76591
76031
85403
87333
87880
56984
41942
76111
77769
36129
78719
39144
74896
34488
11614
61087
42669
33944
77427
80410
82428
40435
61866
32975
82406
70282
75328
63695
47737
58207
81354
84535
78842
55342
50327
73335
54177
80731
50285
30290
43264
60974
52083
54207
37059
82097
43237
39853
76800
54799
78481
23811
46253
50167
88384
43088
18796
65602
70645
61613
46723
23914
65127
63805
77412
66475
78096
25658
50228
73788
50021
58225
42791
85939
61301
54868
75678
31494
61721
54863
54858
54899
39640
37295
48720
30171
87043
55699
42478
51042
62067
77196
73257
58053
64090
63061
28307
48481
60614
51525
32020
75833
43650
72261
74152
69425
43567
71374
48230
49675
57989
28066
80237
87640
50414
24618
69752
46203
66640
55446
67515
47843
45088
63052
55422
88580
54127
55384
58475
55382
69799
81301
28313
77887
46592
82560
69650
34210
33109
69735
36188
58067
74744
28143
28787
23270
28128
49629
68843
41412
54308
72364
76756
17190
66779
20222
87700
50222
82568
69631
58283
59771
80389
88234
44093
61796
88110
59127
82334
83442
66649
34197
74358
73041
62489
26101
44223
78571
76085
32634
68863
30931
68434
73280
84963
87928
72018
54648
45873
76121
61956
83220
75985
78265
86283
64204
80685
32730
46211
54368
45191
69519
61765
33046
48458
65009
62411
48178
76271
45959
78426
44537
53620
63258
35294
67802
35266
80159
86481
81975
88867
70719
84618
45687
83107
72760
52974
62674
46368
54895
88240
47363
83412
74884
77122
46890
58484
56339
41718
65041
76986
75757
78053
23285
35164
36781
56042
49328
29761
28389
56257
52976
35220
17330
32554
80008
31557
78752
66909
34637
48364
47604
77264
38884
74541
30256
83316
46157
68223
39345
76580
30941
35301
80027
45323
84448
56693
45233
89330
39043
55703
63566
45474
43535
42557
51548
64641
39714
39573
43399
31724
48522
59102
25247
35901
80716
47022
55219
43238
20121
75262
26071
36441
48550
45204
34733
66138
87533
45123
40914
37806
86929
43857
42357
42974
40461
56406
84757
72912
83346
32011
31093
66233
51949
68768
81089
32855
86489
72144
62159
62484
72087
50931
28007
28634
59903
34582
75888
67495
61156
34135
79408
62053
75963
72058
49152
67814
28709
69118
14428
32562
54511
81698
39243
87894
81773
39008
81963
27009
18094
55496
51937
30367
61843
25207
38461
37905
77846
48700
70035
87972
40737
81746
59783
38340
77663
56753
77961
80619
30275
58209
55320
65550
48863
64750
64778
43403
71160
45637
84541
84075
86548
68798
59115
43634
51541
33174
77911
51074
61351
83945
56033
85288
41234
48203
34619
71178
42606
65445
25087
45616
71964
34352
61596
86883
61983
33114
46207
47522
42831
48373
48791
17012
58035
88038
48052
39510
78419
62894
47434
58727
44005
63358
64362
43020
76286
87699
83821
40490
49878
78857
53081
30594
69606
70293
16507
49658
67133
40953
19387
41801
59534
43310
71191
58922
37206
22276
39993
49125
70760
61522
83946
22069
35193
65492
84002
40267
58872
69526
79076
80935
43102
48673
42899
24622
56941
72845
39431
65372
59022
79081
28341
28517
20692
31009
61062
45832
66025
25073
24889
54672
49074
35378
28051
80882
65404
77859
26829
51442
68393
43647
12845
44821
46662
78763
42900
43849
36192
63866
76793
59031
67763
53704
78241
71815
63222
62253
34425
40693
34031
51946
87226
37400
69432
11380
57451
56134
43063
54034
54539
23056
63455
87873
42234
84957
68836
43877
10051
87050
45193
22739
50048
36916
19197
44293
57186
18710
49237
32886
42186
38876
82950
48532
76423
71595
31069
40916
29842
67913
54658
69964
81576
58494
40923
33470
83875
56868
43101
38518
54587
83271
72475
23031
41848
56740
32872
63325
49449
73522
64519
54530
32901
23526
53352
34002
79693
82098
73868
63186
33414
25831
86279
81335
63112
29385
33410
34748
41425
45751
49306
47341
28814
75185
83603
26369
89339
43068
63847
73401
84317
87184
50999
57290
75662
75297
54480
26338
47397
76437
45976
47949
44568
60836
47474
88872
46779
23038
45065
78233
65065
27732
9986
68931
82521
69418
76157
33576
57387
46220
33214
67717
49940
45496
58205
54498
44023
33937
23469
85812
31417
18914
78031
67668
43560
40539
81041
21693
89351
49088
13471
64882
53361
39750
45098
31752
61266
39285
50522
44764
9673
61987
13243
82444
83472
69357
75580
84997
82696
66538
41268
70685
66560
59158
47929
69626
79342
40362
79834
76631
58319
54201
18504
62499
49065
34732
52126
71932
35527
89092
61680
56103
32475
35113
38849
46381
77557
16251
81524
33885
61700
40289
37656
36551
83793
68186
51654
53388
81013
38467
59411
63613
18928
76124
44178
55659
88111
63168
21524
64877
23422
42660
80744
45310
57776
45777
40418
83623
47389
68046
33956
18533
26319
38320
50803
33399
52957
54064
62678
77966
35176
42566
48386
39944
57621
74703
78740
29995
46221
67929
67766
76267
31636
80162
65122
18172
81279
62881
29499
49999
55486
61355
55258
43398
59715
73146
75094
25400
50693
57712
29427
89237
57613
34204
53256
27909
38794
61224
39178
81292
50069
82805
48044
48629
72159
87287
26655
59217
80921
60039
87197
61994
57188
34984
54843
49471
31205
62043
54030
76391
25698
39036
48567
16092
40018
42696
73808
58843
25029
53812
88521
41925
47900
40936
65310
76334
40832
29177
32981
31668
33407
78494
76498
80161
28083
77446
32060
41817
56345
41717
27090
13375
33021
38297
50939
36001
70487
84841
22162
48762
64476
34051
31454
40185
49813
23267
86944
25957
46729
73432
28778
13235
23561
69996
62812
61509
42591
63067
32548
46015
31414
67771
20007
33641
12298
15153
81708
73117
42651
31113
86729
43554
23168
68977
25745
24619
46935
44113
23232
40694
60379
43808
68337
42072
49865
21726
56160
50117
77594
38424
69817
58490
56266
70959
64827
85811
82590
51790
15295
32588
35614
71389
79050
52285
51137
74415
53929
88703
27174
53482
31958
51456
70432
38762
76994
41595
33656
43434
18015
86076
58059
76638
15296
56621
86081
79119
87267
82157
53599
74593
68892
39245
51048
42122
52671
59987
39646
32449
49868
50483
82523
69995
26532
30871
42222
74242
43375
39770
23627
28534
56407
33930
46867
23338
84620
31371
25603
38012
61873
62856
55090
74198
48186
46986
47321
56465
45223
79569
78240
57253
73337
83878
60258
66642
25981
55092
44049
17205
34284
75280
44729
46047
72448
47469
76961
53051
51972
40722
88857
35759
50491
70573
76361
77356
42042
67555
61561
82259
47802
73071
20107
48272
52412
69488
42007
64870
21413
85494
22891
23953
53493
52993
30214
40106
48119
32377
65782
59208
41522
41897
42930
75511
47875
62306
36172
73990
25916
47424
42892
62736
64829
64188
66824
46615
37899
85926
25310
37132
84978
88415
66487
30493
45774
82143
41756
83513
45075
55370
30239
28154
43915
67665
59280
78808
56183
42230
46046
88120
36554
32084
66657
55732
57641
23021
37933
79197
44840
35877
72215
53211
40947
49274
40893
65436
84687
71867
41780
35817
32405
87696
84124
59354
32217
15427
44999
49059
77269
45622
67480
82329
47331
86606
75019
42152
62934
57411
57751
68516
54540
37107
72195
62206
36489
24453
22885
84202
42384
14294
28789
69367
21062
52209
38621
88803
31053
85349
48622
38450
26596
53000
40197
73470
78390
60918
35058
55506
63700
74410
28289
83698
24416
56791
10235
72831
66039
76262
51566
27683
67817
76599
74197
86973
59571
40974
49289
17949
68003
59679
44656
67191
22077
25702
33926
53353
49803
74247
49993
19072
66431
75656
34094
64127
69286
33468
79149
43591
41266
74170
46511
38075
81898
35131
72002
38625
71332
15215
39856
30064
51387
54959
85242
63120
47674
66664
31335
76133
54588
39388
27264
52192
22410
88633
67295
20469
52945
74266
78933
55259
45905
25899
61470
70583
43962
83752
68055
20015
60280
74195
35921
70513
79730
57386
61615
80202
39051
67024
55064
85610
44561
57940
67446
86147
52578
32970
50821
67981
45130
62209
31027
41893
39961
52715
16100
60604
54721
33806
29019
54303
40093
42492
38138
80143
50348
84432
28551
59756
36135
62371
78025
84589
82959
74793
88690
40767
25169
58761
35502
82338
55329
34356
22938
29037
88040
80766
56769
41536
43333
39710
67843
43374
64801
86634
81135
48182
76954
56631
19820
86812
36503
28209
75817
33002
60729
59971
76792
48113
71801
66702
85519
84979
26039
63668
46048
87111
47282
39567
43000
64917
37794
88360
53634
70082
86645
36397
21165
44779
65860
42251
37967
69090
28623
62833
50110
79684
33757
35027
29510
64559
59057
81611
38319
71714
43401
77294
74029
37183
72598
84604
74754
64902
22217
89408
56309
71779
85691
79778
76680
79233
57442
81719
46330
37705
46540
50819
49024
33475
27812
54801
60536
47617
40819
29453
45597
66587
34717
43118
69159
50389
38766
65650
40047
66286
28196
13519
42897
67479
78006
65709
53713
39667
32434
68882
56262
47012
27057
57943
86184
27663
24831
80404
60676
64582
20364
74723
41096
42574
35284
63252
60876
48737
38137
78046
49694
26553
50081
46116
36294
26034
24130
88744
44869
35535
74411
40801
41637
21268
48713
25662
39354
31858
18936
83217
18701
14440
31277
47037
54850
59799
42702
87970
49890
45247
49617
84675
46318
15262
45274
34213
40548
69202
64275
33465
24529
48931
88894
87405
83284
82556
80583
84701
85858
35006
72483
72652
86442
74952
48818
75955
56285
46172
23421
44960
33284
80146
81278
80486
60923
49699
39147
81199
76390
50617
78810
78644
86517
67583
77062
76048
40256
44851
64278
56338
80851
46526
79228
50439
44328
83074
82339
39891
44247
73631
79719
79596
45662
72592
32860
38619
63040
74372
20365
50082
62779
15301
36255
79998
79903
59848
50928
45838
34196
64627
84505
70957
36728
38140
61196
45692
30834
30721
58822
30466
74696
45156
39163
85502
38306
54411
66489
47110
60858
31470
55192
58994
72339
49066
61893
31846
70871
49265
64051
45759
76061
51671
66515
50334
62696
65468
88604
46111
21500
60449
84135
30089
22321
26196
46359
45138
29939
68866
41818
69103
72867
51500
53226
36508
39729
38672
60818
72231
80649
17563
40606
36577
81865
20611
85335
36200
44940
50630
47418
47278
77017
79100
43247
58375
71352
46682
66998
44046
21434
32722
70580
88596
63501
37544
49017
43640
45870
85283
28885
34008
88996
80791
85345
64883
68198
66828
39408
80072
55542
38336
51007
12919
84946
75940
80024
39338
89455
69036
86230
67896
44792
89350
60304
21601
55741
82541
41602
31599
45822
34372
79302
38877
42873
47252
34339
83105
6192
5818
59111
79977
76788
37222
39204
84859
62566
74856
37375
72421
47456
61558
83758
46036
19640
31065
33013
62882
45135
23303
45243
36473
66549
54737
43955
85891
59894
51363
52069
47178
27298
45857
49468
83595
49668
34670
39641
60268
64238
41935
29235
49389
65036
28594
31235
7176
53571
67841
44126
31112
36230
33477
38860
38497
42798
43185
24471
36736
24743
79253
64681
30263
46913
29667
75135
76244
55353
44885
54394
54162
36026
39073
45290
75539
46171
68718
36970
77827
40322
84600
32132
72719
34997
37973
47613
41853
57448
51259
63391
62282
47319
75761
56515
35681
29641
32401
31549
86485
43906
49411
88937
80979
80046
65525
80107
74121
41480
63788
39777
41023
26385
19754
67303
23227
49625
35915
40140
35312
58276
66264
22203
67397
68954
72466
37287
88945
51315
22982
25424
71159
65524
41862
57912
37330
60270
36070
49846
85783
18900
83626
67002
66908
89485
88241
81095
37696
78503
12285
23518
44967
73708
74078
25724
32853
29592
46287
34720
36287
78836
58744
22150
25092
58725
18382
30236
49060
31887
35017
26614
63766
37109
32319
82526
13183
86015
81581
67520
56022
66922
37930
70148
79874
82784
53459
78239
61863
70642
17710
27533
48730
49562
44376
42705
47279
73968
57525
45846
57177
62361
61513
76326
70298
52785
44091
68276
21267
41614
55559
54529
86912
38192
23194
32013
78598
23075
43956
88133
31836
68381
45874
67538
40347
48606
35821
48691
58984
52221
44805
34125
42943
40198
87646
34199
67158
85976
54334
83775
43819
71122
51750
41624
79942
87739
47546
67539
24522
76468
35247
38468
77833
41361
61106
79118
29070
39800
67906
28189
62491
73460
88288
49019
27461
54558
63922
12601
25342
36032
58821
65261
58852
31424
27075
56927
63326
77255
53603
86789
77249
64685
33512
27504
64959
36546
75166
83938
37035
81364
78935
69723
23809
11006
77787
76572
84774
78599
10330
59123
78622
49578
48936
72993
46545
49712
27542
44741
81896
33817
31660
88389
50345
63436
48919
48874
41610
72507
61205
64004
84834
39693
24965
89104
81939
28199
39193
89387
51086
67169
57607
69040
38648
33894
61961
63722
17262
77653
39324
37714
33928
82021
63269
43084
53313
30521
58086
45228
60495
62220
42915
53521
55930
49042
67354
59484
49032
65039
79805
32472
62533
63995
59098
42077
53964
45436
66964
37840
34770
35128
32643
22598
72814
70915
54722
81236
60106
78107
41165
36102
66427
34788
69562
40598
67649
55004
47943
34607
48558
48231
24127
51273
68355
54255
59012
33302
30377
87603
77447
59757
75408
33528
30052
35243
16200
43443
63318
82008
79103
44390
54363
47377
86444
32231
75176
39190
14245
46297
26357
46639
82587
33882
42068
45444
58559
79260
47345
43622
87889
57490
83447
17167
55173
34958
41385
46932
66375
30831
20608
66636
30661
52824
73339
74710
60913
68616
69469
47400
43875
83873
38125
50308
79116
43220
83089
45171
42075
76626
33662
37349
68114
37833
49497
46344
24327
64814
44949
83441
32325
61641
47855
45140
76291
35977
84900
39964
24008
26624
47403
80984
48141
81809
37068
46012
77528
32904
82866
34801
36615
25130
35214
53070
64977
29931
85505
62400
43259
42684
52954
41644
60518
8298
85854
76320
59639
54633
7234
78610
73279
73568
43980
36407
31332
75081
35730
78100
45482
36424
49381
82700
68688
33233
65790
45708
43552
75832
23805
28945
87834
41894
25293
19242
73965
64142
22301
44036
53472
68940
87117
41671
70127
60125
87530
53919
43614
33057
68009
74059
65716
85770
17860
41224
27015
56674
84861
41223
88159
56723
88199
51704
89314
86503
59611
29034
41526
63931
88849
16075
70225
23612
75973
47298
85189
60955
22750
86727
76876
41535
73566
45408
24248
69572
67037
30485
49382
44032
36041
26979
72972
84906
73238
49408
26787
50871
54429
27740
78136
38668
88480
70952
34059
28804
51877
47159
72820
77536
40415
51860
36669
41746
48135
47415
45272
45489
23763
48782
24238
59062
73690
78273
64518
20374
23581
37110
43052
82209
86233
64443
48404
66381
45019
51402
35070
77321
29727
63914
42145
66249
15792
51558
21630
38119
40879
18092
44474
83181
61790
47857
83981
61639
58317
31792
86817
55842
8838
79004
31718
26627
37074
39375
27363
49324
24213
69655
83572
23378
23020
79001
45048
46135
49478
24174
27288
67187
69764
51468
61970
48651
28625
59248
54248
36594
52082
59609
43438
42267
25925
60750
40918
36962
84622
46894
54973
41605
75684
74654
85737
78497
82588
11733
31152
21174
51794
27124
59454
42699
38601
47079
41042
58770
39166
9447
31450
56335
21572
77471
66404
29720
70526
82998
63360
44244
62144
35743
13304
79452
55301
69073
45361
39535
33705
54199
29292
80879
79506
18358
80462
77132
43186
49031
63555
52697
51871
41143
64941
24332
58882
61661
49115
53229
28574
40848
44659
76418
68268
36049
46549
70816
39325
77812
42425
28825
58157
60400
81495
54507
15954
43540
59622
73879
60964
31759
70250
47880
35533
57103
45631
56982
77880
58116
42650
40713
87370
79557
48282
23103
39880
32181
42412
37214
49787
60695
63484
62266
41248
72823
25503
82929
76769
68140
58616
30906
65928
74692
53308
13238
62380
71951
33993
69325
67167
39004
77285
71485
68457
53154
56666
19412
25966
44896
13062
49318
73487
74602
38058
22980
66553
51775
49459
82093
24819
68789
52695
18778
25574
27555
38690
40498
38155
45544
85253
50047
55270
41033
83870
56347
59018
40254
51526
19005
12520
83336
23478
63470
32820
50622
46851
34375
43183
74758
36648
68735
44485
73873
68777
33740
33355
23122
80033
44752
87141
58341
39120
86619
43568
25942
37182
88191
87391
52461
37459
29518
51756
36052
74815
34967
63783
50665
24464
64589
60401
61161
16158
33782
85548
83686
48078
34006
54008
53917
45743
49291
54187
27243
65993
35729
54945
62740
30224
85874
40851
36778
39206
45096
35669
42776
24661
51306
75298
48464
68185
41045
68937
58401
44570
47188
40859
49638
67698
32903
87057
66545
42116
36029
79647
34067
40563
31518
27770
32497
82584
44218
26346
65824
43926
76153
46768
29446
55425
25704
75290
36447
60763
80408
39111
30996
49132
35674
63178
71587
52120
86835
59577
59308
82701
66982
88735
87219
22648
35904
46494
80741
25591
52452
43999
33836
75392
87240
86363
41488
62394
52550
64455
10989
57478
32801
37487
23052
81667
36258
75482
54161
69506
26809
70560
31987
57151
36516
25972
68033
56923
82888
42765
79430
55806
40749
28729
39216
23050
64727
18982
44860
35963
64153
69363
86266
26441
51708
55693
49717
52996
28765
67541
55770
45340
82919
86330
69004
76937
19227
47835
64980
42603
64330
69359
35860
78817
57615
47014
24290
74215
22962
30828
26797
66044
67270
38289
63916
73518
19598
45646
27454
61278
68207
79783
35726
22111
57248
75068
38559
47763
85675
76067
82245
86765
52801
18571
70517
24165
23242
30375
74753
57323
60655
26282
34396
27612
33168
30425
37180
40264
73901
52093
82456
68676
21687
30557
70275
49984
39143
73179
87709
72705
67104
40731
48099
75293
65301
41203
66694
25681
30028
75384
29337
63085
63076
65336
50583
66693
25438
53711
37836
46448
80890
51006
71530
45992
76439
48115
85435
71393
75201
37522
41791
24801
84453
81902
72752
48187
65512
48049
81286
54024
73272
42100
50963
37943
85031
16019
26709
58897
49384
82497
40546
60090
60385
44833
74485
80227
42099
77852
56707
55696
60820
60277
78525
48213
35379
43784
74715
39647
45686
42665
78299
55499
32598
85272
60776
30277
86438
59490
83646
75364
32532
87136
79880
60548
81693
84690
68181
85521
48241
48539
45253
41533
45924
89042
69989
54509
84754
49518
40417
48627
53057
54712
33728
37453
44395
24353
51689
38425
41336
86252
42509
66674
75563
29868
45520
71654
75052
32019
73447
60107
62173
79268
82511
20452
88646
8036
56819
74823
9277
28693
29460
6806
73109
74585
25841
19850
21614
31387
77198
31862
20728
79936
61775
71803
66809
39214
37698
76873
80347
88367
34390
82611
44608
42032
57475
54717
39956
48769
21509
62194
67864
31522
61630
43901
43395
18872
78948
22417
56462
57200
23294
31947
43297
45333
62020
37625
21440
37583
67116
77390
35650
56417
80028
60066
48400
82832
23006
68521
42036
53795
45094
39350
22322
81139
48417
68175
47899
45493
86198
47686
69578
80867
83879
43302
51437
38665
35861
41072
30262
29116
79397
27143
40724
50495
82089
39890
41772
58808
16094
69951
34503
44731
88738
23814
46080
71383
46044
88578
87148
76163
34224
86969
26943
25664
21654
68132
42853
38194
52062
86457
48595
57589
45580
27173
39902
73876
29430
45624
41499
58649
48904
87791
35840
57728
42647
48016
61440
64606
27607
60537
62040
10358
31211
62694
67719
89169
76956
21742
41909
74039
57719
72950
49124
31739
18546
35825
39798
27027
75609
56386
25153
70826
4913
88320
64899
85357
72145
45717
54774
48535
74901
69023
79383
33801
72876
86219
43151
52523
57976
14029
78277
62164
29725
22281
33326
54496
79678
12031
43687
33661
73654
18591
58021
56447
63298
35337
26513
64487
54278
29976
86339
78058
54072
82643
40816
31780
83301
56394
45002
40372
89208
35760
27409
44131
89039
34469
64135
21216
63679
62391
17928
26855
54995
15151
71990
64445
53453
51691
27844
68606
30803
87771
77782
48903
84814
81073
36788
71528
49105
40761
68761
32386
43360
86713
86046
56012
25114
22258
74065
75732
79669
41981
35071
11240
42553
36729
57154
22821
30763
49613
44363
43803
56754
34257
40146
40807
31395
21082
27344
64793
82980
66500
18605
38744
86344
33219
39925
43466
34987
67029
56947
31628
31905
19527
83885
62223
40917
60038
51922
43075
36398
39700
29330
28848
42822
48959
63103
86237
45120
66376
68168
58098
56028
31014
24087
49373
15525
39192
23091
52037
55529
22971
34922
70151
54841
66503
42826
35962
5285
68443
74995
63489
17181
71626
45558
57401
79575
34754
63188
38588
14374
87770
48244
3452
32983
69302
37600
23905
66991
32765
69633
31401
41439
48848
32580
65528
32804
50673
31384
89388
37456
70472
33897
59981
36457
35826
42628
29829
40237
24049
48435
26331
79126
78362
28075
45151
58694
57638
47534
23878
64296
66130
25274
38197
46925
62126
64494
28302
45533
32612
36972
67241
38963
36391
10685
84577
53851
51015
62309
49170
6041
75810
34370
63432
62773
21360
37072
27655
25507
40081
65218
59396
77951
28697
82586
45604
47362
22804
44022
87766
59013
33446
67134
60524
47325
69038
27156
3137
47470
76612
5327
86424
23990
60746
58783
78929
22267
37712
39220
54966
21610
14367
37440
26300
67170
45424
80688
80546
69598
73748
64031
38519
86672
27000
34702
84697
49661
34534
39938
47734
74764
48640
87642
37675
51168
51839
44827
31664
51831
62806
17532
45780
73103
27011
56912
62952
84822
62000
68785
11713
87611
48076
69128
81030
41753
50176
87892
48826
48817
41883
61651
54244
32915
60942
67986
35534
31908
45714
80823
27568
59023
33732
43721
40060
37317
38683
74501
45159
54043
86591
70967
53297
34685
39494
43179
36663
11712
80001
89416
41378
37479
44784
20021
61685
87021
55655
71578
83615
45121
61468
15756
87728
62498
29810
15889
3534
61746
62328
23632
27450
34940
31616
19948
53564
40620
66349
23722
85035
46882
22965
53143
31992
81803
63077
45415
54469
78729
44187
70932
73221
57667
62607
33349
69605
38025
47106
64177
86085
48254
31082
35872
44101
41670
66927
72246
35011
88277
60074
47897
66436
66576
39597
34239
52770
40300
49131
28617
33483
48375
86840
37962
36013
63915
76474
43176
32342
71248
31061
70141
88044
42757
39897
47656
44473
24220
14703
63966
51194
70596
43527
46891
67558
77851
53016
28375
48896
24569
49768
73759
38646
41607
30980
29936
65873
35924
21142
37751
3486
31577
51349
59321
33907
53480
49860
41303
17162
75291
48841
72174
76110
34333
21974
41850
81703
63978
61419
36140
40383
44829
61896
47048
30746
20904
54857
35638
55895
38951
50206
49912
32790
32024
48444
29229
69923
25059
20124
27803
22900
38263
16085
48027
39569
26761
30875
63685
64308
80165
47861
73185
12037
84370
52311
42526
78517
39264
40729
45786
62001
19467
85238
34900
51368
48250
53168
55891
41490
22768
62329
21071
7460
39328
36879
51092
36007
17757
68120
30191
30751
32223
51288
48228
53790
29036
28884
48383
72665
72548
31872
38561
30662
79113
36912
47283
86062
46613
3124
29525
43095
31392
13845
44056
29531
35812
34281
39883
86978
71526
84194
24951
42977
76710
24526
26825
42458
49883
75995
87178
47086
79249
59789
54962
40286
58393
39309
66969
24077
30728
39543
66142
68460
28270
30401
64115
88880
66231
64849
83436
24299
55524
29966
16819
37816
34464
59230
63859
47010
41888
60930
88247
87430
74245
60374
65033
81738
19029
18196
17670
65219
57761
88605
46443
86530
30770
87248
37437
56993
81588
34550
25597
86527
89359
29345
23332
65948
43678
73188
82675
52792
45212
41397
76640
76929
67140
49771
47001
25734
33650
32225
65055
59764
66742
42179
70570
43679
18081
52229
58828
40329
38123
13636
54570
81192
52637
65999
73344
69482
75217
63956
46786
36975
65423
62787
66335
34931
37088
72911
80848
40427
39392
27588
40849
65387
31586
60406
77274
15881
77115
31546
88813
53791
75848
29790
58253
38233
38205
89027
83034
28683
46338
47318
18180
31183
42725
79293
88050
62202
55684
62151
56040
13925
28265
47879
24770
30860
86611
9783
60341
26392
35016
74254
89220
57699
56125
79038
21161
36401
49728
80804
9456
85635
36303
55914
65458
31249
39960
85361
871
29220
19434
22173
76441
41253
69391
43845
22176
87348
20975
41596
62097
76481
33381
30215
85509
81296
56058
73478
52921
33917
79642
64586
23026
23055
33990
86649
57202
22975
36652
37778
37804
69377
36649
75014
61607
63897
28465
75067
43919
60230
82607
8361
38386
30757
47190
78713
28059
46078
63181
76477
57390
61207
73838
47572
54228
61785
77884
83448
78978
36015
34403
72957
52009
68361
31927
13364
52956
49515
32775
63238
6112
39038
22537
15831
26889
83116
7976
50521
12644
51515
43670
69220
58146
60688
75288
38215
19589
73095
39735
13867
28725
65454
38571
44823
89137
54546
55681
36016
59291
62628
26712
47732
41795
53108
25626
61367
43846
58868
55547
76764
43213
28483
40374
36549
31032
40744
10085
30333
29108
48779
83496
10316
17374
53180
48659
37208
68805
57121
22734
56582
36769
4652
44814
41633
38550
42450
75934
41027
25740
25671
56063
77554
44297
43012
89460
32183
85293
40153
18287
29800
73943
37761
25052
84008
48910
47117
66417
33707
57877
79505
41698
63335
43196
57856
81578
87045
62957
52439
78271
38383
49014
36440
36018
36597
67052
14465
33880
30360
83202
48413
30797
23634
43152
40583
28238
61477
89150
51636
42766
28538
24396
25406
25453
11095
17782
37635
27637
63948
89393
59936
51660
40734
61186
24115
45214
35501
31678
40445
10813
53298
71634
17380
27966
88252
63110
72536
61026
34498
70976
80759
88770
46524
23339
82271
58746
38173
35555
45598
44746
87127
52699
89443
15055
67277
25639
25266
26166
69492
50542
53202
76414
42465
86955
34136
37299
84322
73683
56024
70492
88912
57706
80604
67550
48436
50092
24002
5941
21979
14939
29697
40478
66999
32771
45116
18860
45730
27008
56977
9079
43626
49120
62430
52294
56397
65360
58415
33979
22243
29426
2028
25275
83838
69833
39692
55157
42921
48297
43206
65184
74903
45811
44211
76830
88922
77047
14559
74490
34602
38974
16317
29569
43701
72833
75239
47242
35346
89046
11338
89464
51555
30646
76246
29695
79587
40389
46710
22725
59003
31481
81350
29896
57004
88756
55873
65708
47962
32348
31720
21595
46887
62627
14274
47051
38547
13240
41890
21103
58578
52833
67706
23444
75648
64598
19151
30483
41283
88662
32572
67386
25034
42021
51325
85217
50256
51893
42747
58550
57310
30686
63246
34363
18682
14028
59413
44990
37949
80370
21682
73639
22805
59604
45576
55688
48660
51572
4590
74575
36337
31179
19706
84766
81516
58150
6017
40632
49762
43547
61037
35758
49876
27988
84552
77976
68929
54828
39740
9801
85152
49958
49642
44781
45368
45990
85929
68013
63328
75187
40112
30764
33513
16320
80430
72946
75302
56625
48872
53981
44774
58260
11366
21854
48884
21449
59541
89289
81378
30460
42597
70369
44270
22019
12299
35125
75659
55207
43724
27970
28513
52080
38172
63718
34978
39591
20641
84785
31919
23309
35616
84565
44777
85938
43639
73569
67413
22257
33945
33599
44566
39530
32031
74294
43977
55805
34144
86092
42029
27604
52154
73465
40933
87115
66460
47741
20823
29602
80908
56227
19576
30739
47266
82196
54252
69737
88645
38292
41022
74919
27393
58875
87534
79718
48028
42342
41741
21955
40425
40827
28497
84669
58265
22913
39634
13616
60689
78728
65880
80596
18398
29628
77186
32163
32712
11793
21940
64516
66385
38783
81945
22205
45296
63903
31941
76834
58745
81359
84067
68795
19770
37285
43356
32237
51550
33034
39712
73499
51764
24474
30430
25987
14593
47986
48142
9255
41102
28495
75410
39014
72710
40552
71410
24271
68634
4733
23625
23315
44597
85642
35320
55130
40884
26482
80834
23004
55698
77518
34095
38516
83860
85985
39381
76843
46553
25765
39860
36097
70520
49208
34928
42800
88595
54776
15409
41371
56331
32633
85086
19058
31957
45398
76037
42127
3591
49035
77657
59904
61740
30508
35293
37258
63678
49460
61206
47175
67176
16178
32426
70853
57050
34014
49273
35013
71040
87919
50781
16939
56936
47809
67587
69653
76263
44630
36898
68339
16522
2273
33995
39806
62374
48948
31445
32789
71845
59589
15637
6652
33108
33235
18837
47142
69187
44863
80881
87206
86173
18925
26084
42424
72387
81215
15244
42844
49493
77437
54103
36496
39665
64733
53837
50976
64540
86256
77391
39438
36785
68142
7433
28811
36411
54324
67065
61496
25545
30768
6247
75009
35832
84910
1617
46102
72344
15204
41860
38512
14729
29549
11639
38020
29828
45567
41765
80572
12049
45568
51799
64096
48200
34011
67141
26111
36716
37677
21861
9725
70827
73649
24206
15253
19886
69742
77188
65715
89456
43496
40350
77213
26878
31851
51283
46016
86317
49494
39074
39453
56108
26650
73298
24883
50822
30532
36683
61070
23081
42890
38002
40428
50161
34179
46668
45781
45262
50274
67589
49466
80953
66391
33673
43462
32692
70007
33797
31160
26121
55326
49071
70427
76864
76780
68121
21730
70604
14602
47112
41474
42071
37563
43003
28737
45060
32968
40096
30726
29412
26529
49224
46195
16396
38186
27239
48972
14676
74028
15530
28583
59355
10432
30340
42683
87265
84949
58628
59272
84051
47240
43286
36739
5864
30689
39387
24429
32091
81761
43417
63462
47704
24442
9235
58593
25632
24560
53843
84020
36712
20987
86693
52287
51994
50415
62958
85945
40656
21694
47806
83858
32814
38454
65393
27207
35633
42257
68611
51433
43066
22336
12105
28598
65645
49986
37481
65287
4809
42437
23569
26828
29956
32398
33853
78637
39645
34662
88473
84297
55048
18568
64052
25630
46570
74306
65921
35999
48051
86516
25065
8850
41660
11909
17118
56084
30611
42567
45029
83482
83759
28824
28596
35270
44579
35754
6098
49479
74855
21724
18957
47703
63336
47392
57512
55823
71359
28008
33678
26951
60128
33139
38120
25764
43058
33621
43667
48845
52962
71534
77333
8994
16655
67607
63148
85144
86429
47799
42196
39180
36197
47139
60415
82559
44800
39217
57175
27706
76716
26354
65903
48163
46210
89066
30603
33430
13981
49823
20534
50357
13650
1464
73332
43503
55220
28305
47425
63629
82004
76997
83830
72762
55577
71849
67694
76863
42408
62631
48587
53630
80245
38566
58667
54541
79209
42655
87198
44749
40227
56454
41579
67461
77010
37773
78486
37181
76659
66579
17899
45241
1825
21340
30753
65799
78695
74612
54793
50635
12475
49645
42081
61865
49506
46131
44092
44094
48655
31267
47965
62205
40335
14252
35274
44915
69098
64195
68134
50505
28278
49801
23620
49698
49819
26942
67420
42241
44491
42871
21651
17918
38109
17915
16336
31582
52351
38564
32005
63277
34974
77913
29233
28732
19764
1288
82638
62414
72512
32696
61777
81532
50608
78186
56925
28743
86127
55580
34190
25219
26160
68116
13405
82968
19181
57956
62998
40506
29234
31166
42769
28724
65853
37862
43435
36410
47775
61063
58456
83982
56953
40771
86581
24383
60334
42963
39045
29471
28891
55075
45755
7632
23795
88273
9765
27571
43062
53300
32663
39477
80754
9905
55944
33681
53279
45640
46972
67789
41131
37948
48421
56777
51183
45337
38373
84644
44765
52014
33189
41922
42608
73742
70291
33627
34897
75164
33423
23821
67888
34417
17990
39865
29927
33309
62198
47333
46676
23694
27762
34442
23371
81863
61937
44542
70509
1252
10134
73147
38715
88538
47183
